988
8696 10
0 2 4 6 8 10 12 14 16 18
5065 10
0 2 4 6 8 10 12 14 16 18
7358 10
0 2 4 6 8 10 12 14 16 18
8728 10
0 2 4 6 8 10 12 14 16 18
1949 10
0 2 4 6 8 10 12 14 16 18
661 10
0 2 4 6 8 10 12 14 16 18
1478 10
0 2 4 6 8 10 12 14 16 18
3597 10
0 2 4 6 8 10 12 14 16 18
5172 10
0 2 4 6 8 10 12 14 16 18
5311 10
0 2 4 6 8 10 12 14 16 18
9294 10
0 2 4 6 8 10 12 14 16 18
6550 10
0 2 4 6 8 10 12 14 16 18
349 10
0 2 4 6 8 10 12 14 16 18
7709 10
0 2 4 6 8 10 12 14 16 18
5724 10
0 2 4 6 8 10 12 14 16 18
2595 10
0 2 4 6 8 10 12 14 16 18
3525 10
0 2 4 6 8 10 12 14 16 18
8384 10
0 2 4 6 8 10 12 14 16 18
6871 10
0 2 4 6 8 10 12 14 16 18
6977 9
0 2 4 6 8 10 12 14 16
4871 10
0 2 4 6 8 10 12 14 16 18
2830 10
0 2 4 6 8 10 12 14 16 18
9985 10
0 2 4 6 8 10 12 14 16 18
9647 10
0 2 4 6 8 10 12 14 16 18
1133 10
0 2 4 6 8 10 12 14 16 18
8530 10
0 2 4 6 8 10 12 14 16 18
6185 10
0 2 4 6 8 10 12 14 16 18
6588 10
0 2 4 6 8 10 12 14 16 18
8181 10
0 2 4 6 8 10 12 14 16 18
2044 10
0 2 4 6 8 10 12 14 16 18
8839 10
0 2 4 6 8 10 12 14 16 18
7833 10
0 2 4 6 8 10 12 14 16 18
3428 10
0 2 4 6 8 10 12 14 16 18
7984 10
0 2 4 6 8 10 12 14 16 18
1356 10
0 2 4 6 8 10 12 14 16 18
4758 10
0 2 4 6 8 10 12 14 16 18
6213 10
0 2 4 6 8 10 12 14 16 18
165 10
0 2 4 6 8 10 12 14 16 18
2610 10
0 2 4 6 8 10 12 14 16 18
417 10
0 2 4 6 8 10 12 14 16 18
2664 10
0 2 4 6 8 10 12 14 16 18
1045 10
0 2 4 6 8 10 12 14 16 18
2943 10
0 2 4 6 8 10 12 14 16 18
9847 10
0 2 4 6 8 10 12 14 16 18
4951 10
0 2 4 6 8 10 12 14 16 18
7491 9
0 2 4 6 8 10 12 14 16
8124 10
0 2 4 6 8 10 12 14 16 18
2394 10
0 2 4 6 8 10 12 14 16 18
6134 10
0 2 4 6 8 10 12 14 16 18
751 9
0 2 4 6 8 10 12 14 16
3764 10
0 2 4 6 8 10 12 14 16 18
6897 10
0 2 4 6 8 10 12 14 16 18
6468 10
0 2 4 6 8 10 12 14 16 18
1349 10
0 2 4 6 8 10 12 14 16 18
1420 10
0 2 4 6 8 10 12 14 16 18
29 9
0 2 4 6 8 10 12 14 16
7841 10
0 2 4 6 8 10 12 14 16 18
2590 10
0 2 4 6 8 10 12 14 16 18
4717 10
0 2 4 6 8 10 12 14 16 18
9692 9
0 2 4 6 8 10 12 14 16
7201 10
0 2 4 6 8 10 12 14 16 18
8390 10
0 2 4 6 8 10 12 14 16 18
5771 10
0 2 4 6 8 10 12 14 16 18
61 8
0 2 4 6 8 10 12 14
6464 9
0 2 4 6 8 10 12 14 16
8791 10
0 2 4 6 8 10 12 14 16 18
3454 10
0 2 4 6 8 10 12 14 16 18
6976 10
0 2 4 6 8 10 12 14 16 18
6636 8
0 2 4 6 8 10 12 14
4074 10
0 2 4 6 8 10 12 14 16 18
177 9
0 2 4 6 8 10 12 14 16
6338 9
0 2 4 6 8 10 12 14 16
8931 10
0 2 4 6 8 10 12 14 16 18
7104 9
0 2 4 6 8 10 12 14 16
8887 9
0 2 4 6 8 10 12 14 16
6416 10
0 2 4 6 8 10 12 14 16 18
8738 9
0 2 4 6 8 10 12 14 16
9855 10
0 2 4 6 8 10 12 14 16 18
7078 9
0 2 4 6 8 10 12 14 16
3050 8
0 2 4 6 8 10 12 14
7839 10
0 2 4 6 8 10 12 14 16 18
6446 10
0 2 4 6 8 10 12 14 16 18
5272 9
0 2 4 6 8 10 12 14 16
3854 10
0 2 4 6 8 10 12 14 16 18
7218 10
0 2 4 6 8 10 12 14 16 18
8093 9
0 2 4 6 8 10 12 14 16
6079 9
0 2 4 6 8 10 12 14 16
5551 10
0 2 4 6 8 10 12 14 16 18
6715 9
0 2 4 6 8 10 12 14 16
2252 10
0 2 4 6 8 10 12 14 16 18
5091 9
0 2 4 6 8 10 12 14 16
6979 10
0 2 4 6 8 10 12 14 16 18
5635 10
0 2 4 6 8 10 12 14 16 18
4705 9
0 2 4 6 8 10 12 14 16
1401 10
0 2 4 6 8 10 12 14 16 18
5604 10
0 2 4 6 8 10 12 14 16 18
8591 9
0 2 4 6 8 10 12 14 16
2737 10
0 2 4 6 8 10 12 14 16 18
1557 9
0 2 4 6 8 10 12 14 16
4275 10
0 2 4 6 8 10 12 14 16 18
5348 10
0 2 4 6 8 10 12 14 16 18
4277 9
0 2 4 6 8 10 12 14 16
627 10
0 2 4 6 8 10 12 14 16 18
416 9
0 2 4 6 8 10 12 14 16
5654 9
0 2 4 6 8 10 12 14 16
7438 10
0 2 4 6 8 10 12 14 16 18
1985 10
0 2 4 6 8 10 12 14 16 18
5971 10
0 2 4 6 8 10 12 14 16 18
8691 10
0 2 4 6 8 10 12 14 16 18
2235 10
0 2 4 6 8 10 12 14 16 18
4535 9
0 2 4 6 8 10 12 14 16
4713 10
0 2 4 6 8 10 12 14 16 18
7075 9
0 2 4 6 8 10 12 14 16
4473 10
0 2 4 6 8 10 12 14 16 18
1743 10
0 2 4 6 8 10 12 14 16 18
2269 10
0 2 4 6 8 10 12 14 16 18
5523 10
0 2 4 6 8 10 12 14 16 18
7281 9
0 2 4 6 8 10 12 14 16
6025 9
0 2 4 6 8 10 12 14 16
2631 10
0 2 4 6 8 10 12 14 16 18
9836 10
0 2 4 6 8 10 12 14 16 18
5263 9
0 2 4 6 8 10 12 14 16
1348 9
0 2 4 6 8 10 12 14 16
9060 10
0 2 4 6 8 10 12 14 16 18
7512 10
0 2 4 6 8 10 12 14 16 18
1737 9
0 2 4 6 8 10 12 14 16
2541 9
0 2 4 6 8 10 12 14 16
5687 9
0 2 4 6 8 10 12 14 16
2783 9
0 2 4 6 8 10 12 14 16
9200 9
0 2 4 6 8 10 12 14 16
820 10
0 2 4 6 8 10 12 14 16 18
1453 10
0 2 4 6 8 10 12 14 16 18
6644 10
0 2 4 6 8 10 12 14 16 18
733 10
0 2 4 6 8 10 12 14 16 18
2798 10
0 2 4 6 8 10 12 14 16 18
6253 10
0 2 4 6 8 10 12 14 16 18
8902 10
0 2 4 6 8 10 12 14 16 18
9772 9
0 2 4 6 8 10 12 14 16
6215 9
0 2 4 6 8 10 12 14 16
5873 10
0 2 4 6 8 10 12 14 16 18
6236 10
0 2 4 6 8 10 12 14 16 18
7843 10
0 2 4 6 8 10 12 14 16 18
9027 8
0 2 4 6 8 10 12 14
5555 8
0 2 4 6 8 10 12 14
7731 9
0 2 4 6 8 10 12 14 16
4138 10
0 2 4 6 8 10 12 14 16 18
5006 10
0 2 4 6 8 10 12 14 16 18
438 10
0 2 4 6 8 10 12 14 16 18
9775 9
0 2 4 6 8 10 12 14 16
6235 10
0 2 4 6 8 10 12 14 16 18
8366 9
0 2 4 6 8 10 12 14 16
7838 9
0 2 4 6 8 10 12 14 16
5853 9
0 2 4 6 8 10 12 14 16
1432 8
0 2 4 6 8 10 12 14
3837 9
0 2 4 6 8 10 12 14 16
1899 9
0 2 4 6 8 10 12 14 16
9751 10
0 2 4 6 8 10 12 14 16 18
2651 9
0 2 4 6 8 10 12 14 16
5030 10
0 2 4 6 8 10 12 14 16 18
6152 7
0 2 4 6 8 10 12
1331 9
0 2 4 6 8 10 12 14 16
3313 10
0 2 4 6 8 10 12 14 16 18
5202 9
0 2 4 6 8 10 12 14 16
2047 10
0 2 4 6 8 10 12 14 16 18
4457 8
0 2 4 6 8 10 12 14
706 9
0 2 4 6 8 10 12 14 16
4395 10
0 2 4 6 8 10 12 14 16 18
220 10
0 2 4 6 8 10 12 14 16 18
8008 9
0 2 4 6 8 10 12 14 16
6370 10
0 2 4 6 8 10 12 14 16 18
8005 10
0 2 4 6 8 10 12 14 16 18
9733 8
0 2 4 6 8 10 12 14
2115 10
0 2 4 6 8 10 12 14 16 18
9795 10
0 2 4 6 8 10 12 14 16 18
4813 10
0 2 4 6 8 10 12 14 16 18
180 10
0 2 4 6 8 10 12 14 16 18
1283 9
0 2 4 6 8 10 12 14 16
1201 10
0 2 4 6 8 10 12 14 16 18
3277 9
0 2 4 6 8 10 12 14 16
9596 9
0 2 4 6 8 10 12 14 16
7293 8
0 2 4 6 8 10 12 14
9053 9
0 2 4 6 8 10 12 14 16
9316 8
0 2 4 6 8 10 12 14
6924 10
0 2 4 6 8 10 12 14 16 18
7197 10
0 2 4 6 8 10 12 14 16 18
7308 8
0 2 4 6 8 10 12 14
4241 10
0 2 4 6 8 10 12 14 16 18
6342 10
0 2 4 6 8 10 12 14 16 18
2548 10
0 2 4 6 8 10 12 14 16 18
5390 10
0 2 4 6 8 10 12 14 16 18
8095 9
0 2 4 6 8 10 12 14 16
993 10
0 2 4 6 8 10 12 14 16 18
4592 8
0 2 4 6 8 10 12 14
3459 10
0 2 4 6 8 10 12 14 16 18
9829 10
0 2 4 6 8 10 12 14 16 18
7511 7
0 2 4 6 8 10 12
4252 10
0 2 4 6 8 10 12 14 16 18
5360 10
0 2 4 6 8 10 12 14 16 18
7582 10
0 2 4 6 8 10 12 14 16 18
72 10
0 2 4 6 8 10 12 14 16 18
5851 10
0 2 4 6 8 10 12 14 16 18
4355 10
0 2 4 6 8 10 12 14 16 18
2339 9
0 2 4 6 8 10 12 14 16
9291 10
0 2 4 6 8 10 12 14 16 18
5023 10
0 2 4 6 8 10 12 14 16 18
4924 9
0 2 4 6 8 10 12 14 16
2079 10
0 2 4 6 8 10 12 14 16 18
2297 9
0 2 4 6 8 10 12 14 16
8226 9
0 2 4 6 8 10 12 14 16
2137 10
0 2 4 6 8 10 12 14 16 18
7259 8
0 2 4 6 8 10 12 14
7995 9
0 2 4 6 8 10 12 14 16
1963 10
0 2 4 6 8 10 12 14 16 18
5849 10
0 2 4 6 8 10 12 14 16 18
5857 8
0 2 4 6 8 10 12 14
3679 9
0 2 4 6 8 10 12 14 16
8677 10
0 2 4 6 8 10 12 14 16 18
9239 9
0 2 4 6 8 10 12 14 16
4891 10
0 2 4 6 8 10 12 14 16 18
9447 10
0 2 4 6 8 10 12 14 16 18
6189 10
0 2 4 6 8 10 12 14 16 18
3868 8
0 2 4 6 8 10 12 14
5171 10
0 2 4 6 8 10 12 14 16 18
1584 9
0 2 4 6 8 10 12 14 16
2995 9
0 2 4 6 8 10 12 14 16
7327 9
0 2 4 6 8 10 12 14 16
984 9
0 2 4 6 8 10 12 14 16
6609 10
0 2 4 6 8 10 12 14 16 18
8521 10
0 2 4 6 8 10 12 14 16 18
1618 10
0 2 4 6 8 10 12 14 16 18
5426 8
0 2 4 6 8 10 12 14
7042 10
0 2 4 6 8 10 12 14 16 18
5219 8
0 2 4 6 8 10 12 14
1065 10
0 2 4 6 8 10 12 14 16 18
1307 9
0 2 4 6 8 10 12 14 16
9097 9
0 2 4 6 8 10 12 14 16
673 10
0 2 4 6 8 10 12 14 16 18
5761 10
0 2 4 6 8 10 12 14 16 18
3034 10
0 2 4 6 8 10 12 14 16 18
88 10
0 2 4 6 8 10 12 14 16 18
6960 8
0 2 4 6 8 10 12 14
6441 8
0 2 4 6 8 10 12 14
9487 10
0 2 4 6 8 10 12 14 16 18
2819 8
0 2 4 6 8 10 12 14
8587 10
0 2 4 6 8 10 12 14 16 18
6779 9
0 2 4 6 8 10 12 14 16
832 10
0 2 4 6 8 10 12 14 16 18
6418 10
0 2 4 6 8 10 12 14 16 18
9221 10
0 2 4 6 8 10 12 14 16 18
2652 9
0 2 4 6 8 10 12 14 16
1551 10
0 2 4 6 8 10 12 14 16 18
6115 10
0 2 4 6 8 10 12 14 16 18
414 10
0 2 4 6 8 10 12 14 16 18
7038 9
0 2 4 6 8 10 12 14 16
1721 9
0 2 4 6 8 10 12 14 16
3301 10
0 2 4 6 8 10 12 14 16 18
205 9
0 2 4 6 8 10 12 14 16
6241 9
0 2 4 6 8 10 12 14 16
5589 7
0 2 4 6 8 10 12
6793 8
0 2 4 6 8 10 12 14
8139 10
0 2 4 6 8 10 12 14 16 18
3134 10
0 2 4 6 8 10 12 14 16 18
1316 9
0 2 4 6 8 10 12 14 16
8050 9
0 2 4 6 8 10 12 14 16
5789 9
0 2 4 6 8 10 12 14 16
1226 7
0 2 4 6 8 10 12
1606 10
0 2 4 6 8 10 12 14 16 18
8572 10
0 2 4 6 8 10 12 14 16 18
5339 10
0 2 4 6 8 10 12 14 16 18
2939 10
0 2 4 6 8 10 12 14 16 18
3406 10
0 2 4 6 8 10 12 14 16 18
1476 9
0 2 4 6 8 10 12 14 16
2126 10
0 2 4 6 8 10 12 14 16 18
1668 10
0 2 4 6 8 10 12 14 16 18
5345 10
0 2 4 6 8 10 12 14 16 18
124 10
0 2 4 6 8 10 12 14 16 18
6633 10
0 2 4 6 8 10 12 14 16 18
2110 7
0 2 4 6 8 10 12
7124 9
0 2 4 6 8 10 12 14 16
4977 9
0 2 4 6 8 10 12 14 16
2892 10
0 2 4 6 8 10 12 14 16 18
6017 10
0 2 4 6 8 10 12 14 16 18
5269 10
0 2 4 6 8 10 12 14 16 18
7786 9
0 2 4 6 8 10 12 14 16
5437 10
0 2 4 6 8 10 12 14 16 18
7791 9
0 2 4 6 8 10 12 14 16
9686 9
0 2 4 6 8 10 12 14 16
4430 10
0 2 4 6 8 10 12 14 16 18
4246 9
0 2 4 6 8 10 12 14 16
7072 10
0 2 4 6 8 10 12 14 16 18
1137 8
0 2 4 6 8 10 12 14
9963 10
0 2 4 6 8 10 12 14 16 18
599 10
0 2 4 6 8 10 12 14 16 18
1561 9
0 2 4 6 8 10 12 14 16
5020 6
0 2 4 6 8 10
8505 10
0 2 4 6 8 10 12 14 16 18
4386 10
0 2 4 6 8 10 12 14 16 18
8582 7
0 2 4 6 8 10 12
7050 10
0 2 4 6 8 10 12 14 16 18
8409 9
0 2 4 6 8 10 12 14 16
6698 10
0 2 4 6 8 10 12 14 16 18
4631 10
0 2 4 6 8 10 12 14 16 18
5117 9
0 2 4 6 8 10 12 14 16
1864 7
0 2 4 6 8 10 12
1966 9
0 2 4 6 8 10 12 14 16
9610 8
0 2 4 6 8 10 12 14
5532 8
0 2 4 6 8 10 12 14
3737 8
0 2 4 6 8 10 12 14
6821 10
0 2 4 6 8 10 12 14 16 18
1241 10
0 2 4 6 8 10 12 14 16 18
4381 10
0 2 4 6 8 10 12 14 16 18
2901 10
0 2 4 6 8 10 12 14 16 18
2754 9
0 2 4 6 8 10 12 14 16
4556 9
0 2 4 6 8 10 12 14 16
9553 10
0 2 4 6 8 10 12 14 16 18
2708 10
0 2 4 6 8 10 12 14 16 18
3340 9
0 2 4 6 8 10 12 14 16
7819 10
0 2 4 6 8 10 12 14 16 18
2928 9
0 2 4 6 8 10 12 14 16
7666 10
0 2 4 6 8 10 12 14 16 18
7164 10
0 2 4 6 8 10 12 14 16 18
7407 9
0 2 4 6 8 10 12 14 16
242 9
0 2 4 6 8 10 12 14 16
7424 10
0 2 4 6 8 10 12 14 16 18
8982 8
0 2 4 6 8 10 12 14
9701 10
0 2 4 6 8 10 12 14 16 18
3626 9
0 2 4 6 8 10 12 14 16
1037 9
0 2 4 6 8 10 12 14 16
293 8
0 2 4 6 8 10 12 14
4112 9
0 2 4 6 8 10 12 14 16
8449 7
0 2 4 6 8 10 12
3991 10
0 2 4 6 8 10 12 14 16 18
9218 6
0 2 4 6 8 10
7726 9
0 2 4 6 8 10 12 14 16
684 9
0 2 4 6 8 10 12 14 16
2998 10
0 2 4 6 8 10 12 14 16 18
4393 9
0 2 4 6 8 10 12 14 16
5811 9
0 2 4 6 8 10 12 14 16
969 8
0 2 4 6 8 10 12 14
6885 8
0 2 4 6 8 10 12 14
5950 9
0 2 4 6 8 10 12 14 16
7989 8
0 2 4 6 8 10 12 14
458 9
0 2 4 6 8 10 12 14 16
498 8
0 2 4 6 8 10 12 14
5337 10
0 2 4 6 8 10 12 14 16 18
8363 10
0 2 4 6 8 10 12 14 16 18
2359 8
0 2 4 6 8 10 12 14
783 10
0 2 4 6 8 10 12 14 16 18
8910 10
0 2 4 6 8 10 12 14 16 18
7287 9
0 2 4 6 8 10 12 14 16
1154 10
0 2 4 6 8 10 12 14 16 18
1634 8
0 2 4 6 8 10 12 14
2017 9
0 2 4 6 8 10 12 14 16
8912 10
0 2 4 6 8 10 12 14 16 18
1397 10
0 2 4 6 8 10 12 14 16 18
3742 10
0 2 4 6 8 10 12 14 16 18
3156 9
0 2 4 6 8 10 12 14 16
5450 10
0 2 4 6 8 10 12 14 16 18
4193 6
0 2 4 6 8 10
930 10
0 2 4 6 8 10 12 14 16 18
7285 7
0 2 4 6 8 10 12
4975 10
0 2 4 6 8 10 12 14 16 18
2162 9
0 2 4 6 8 10 12 14 16
3318 7
0 2 4 6 8 10 12
2919 9
0 2 4 6 8 10 12 14 16
5956 9
0 2 4 6 8 10 12 14 16
7088 10
0 2 4 6 8 10 12 14 16 18
296 9
0 2 4 6 8 10 12 14 16
5912 8
0 2 4 6 8 10 12 14
3186 9
0 2 4 6 8 10 12 14 16
2276 8
0 2 4 6 8 10 12 14
3726 7
0 2 4 6 8 10 12
4589 9
0 2 4 6 8 10 12 14 16
4380 9
0 2 4 6 8 10 12 14 16
1661 10
0 2 4 6 8 10 12 14 16 18
561 9
0 2 4 6 8 10 12 14 16
9275 10
0 2 4 6 8 10 12 14 16 18
1973 9
0 2 4 6 8 10 12 14 16
7243 9
0 2 4 6 8 10 12 14 16
4828 10
0 2 4 6 8 10 12 14 16 18
6805 10
0 2 4 6 8 10 12 14 16 18
3215 10
0 2 4 6 8 10 12 14 16 18
4626 8
0 2 4 6 8 10 12 14
9128 9
0 2 4 6 8 10 12 14 16
1653 9
0 2 4 6 8 10 12 14 16
5917 10
0 2 4 6 8 10 12 14 16 18
1679 8
0 2 4 6 8 10 12 14
3622 10
0 2 4 6 8 10 12 14 16 18
3483 10
0 2 4 6 8 10 12 14 16 18
3334 10
0 2 4 6 8 10 12 14 16 18
1161 6
0 2 4 6 8 10
5471 8
0 2 4 6 8 10 12 14
5530 10
0 2 4 6 8 10 12 14 16 18
2567 8
0 2 4 6 8 10 12 14
3678 9
0 2 4 6 8 10 12 14 16
2119 8
0 2 4 6 8 10 12 14
703 9
0 2 4 6 8 10 12 14 16
2250 8
0 2 4 6 8 10 12 14
4855 10
0 2 4 6 8 10 12 14 16 18
5568 7
0 2 4 6 8 10 12
8328 9
0 2 4 6 8 10 12 14 16
9767 9
0 2 4 6 8 10 12 14 16
5607 9
0 2 4 6 8 10 12 14 16
381 8
0 2 4 6 8 10 12 14
2497 8
0 2 4 6 8 10 12 14
3818 10
0 2 4 6 8 10 12 14 16 18
2144 6
0 2 4 6 8 10
7644 9
0 2 4 6 8 10 12 14 16
500 9
0 2 4 6 8 10 12 14 16
2882 6
0 2 4 6 8 10
7737 9
0 2 4 6 8 10 12 14 16
9508 9
0 2 4 6 8 10 12 14 16
2991 10
0 2 4 6 8 10 12 14 16 18
5707 9
0 2 4 6 8 10 12 14 16
868 10
0 2 4 6 8 10 12 14 16 18
7294 9
0 2 4 6 8 10 12 14 16
4637 10
0 2 4 6 8 10 12 14 16 18
667 8
0 2 4 6 8 10 12 14
3720 9
0 2 4 6 8 10 12 14 16
3038 10
0 2 4 6 8 10 12 14 16 18
2097 9
0 2 4 6 8 10 12 14 16
4364 8
0 2 4 6 8 10 12 14
4011 8
0 2 4 6 8 10 12 14
8958 8
0 2 4 6 8 10 12 14
4231 9
0 2 4 6 8 10 12 14 16
8834 10
0 2 4 6 8 10 12 14 16 18
8917 7
0 2 4 6 8 10 12
7702 10
0 2 4 6 8 10 12 14 16 18
9564 9
0 2 4 6 8 10 12 14 16
5966 8
0 2 4 6 8 10 12 14
440 10
0 2 4 6 8 10 12 14 16 18
9392 8
0 2 4 6 8 10 12 14
1550 9
0 2 4 6 8 10 12 14 16
4660 8
0 2 4 6 8 10 12 14
6355 8
0 2 4 6 8 10 12 14
2468 10
0 2 4 6 8 10 12 14 16 18
3220 9
0 2 4 6 8 10 12 14 16
8046 10
0 2 4 6 8 10 12 14 16 18
4775 10
0 2 4 6 8 10 12 14 16 18
3605 10
0 2 4 6 8 10 12 14 16 18
9028 8
0 2 4 6 8 10 12 14
3307 10
0 2 4 6 8 10 12 14 16 18
3593 8
0 2 4 6 8 10 12 14
9017 7
0 2 4 6 8 10 12
3552 8
0 2 4 6 8 10 12 14
8482 10
0 2 4 6 8 10 12 14 16 18
840 9
0 2 4 6 8 10 12 14 16
2013 10
0 2 4 6 8 10 12 14 16 18
811 10
0 2 4 6 8 10 12 14 16 18
8628 8
0 2 4 6 8 10 12 14
401 10
0 2 4 6 8 10 12 14 16 18
6153 9
0 2 4 6 8 10 12 14 16
1014 9
0 2 4 6 8 10 12 14 16
5159 9
0 2 4 6 8 10 12 14 16
136 10
0 2 4 6 8 10 12 14 16 18
9992 9
0 2 4 6 8 10 12 14 16
1071 10
0 2 4 6 8 10 12 14 16 18
854 10
0 2 4 6 8 10 12 14 16 18
1394 10
0 2 4 6 8 10 12 14 16 18
9143 9
0 2 4 6 8 10 12 14 16
4284 9
0 2 4 6 8 10 12 14 16
2375 9
0 2 4 6 8 10 12 14 16
3892 9
0 2 4 6 8 10 12 14 16
7937 10
0 2 4 6 8 10 12 14 16 18
5397 9
0 2 4 6 8 10 12 14 16
9285 8
0 2 4 6 8 10 12 14
5438 7
0 2 4 6 8 10 12
1244 9
0 2 4 6 8 10 12 14 16
8283 9
0 2 4 6 8 10 12 14 16
2868 9
0 2 4 6 8 10 12 14 16
1488 7
0 2 4 6 8 10 12
7729 9
0 2 4 6 8 10 12 14 16
9182 10
0 2 4 6 8 10 12 14 16 18
9101 10
0 2 4 6 8 10 12 14 16 18
3025 8
0 2 4 6 8 10 12 14
8101 9
0 2 4 6 8 10 12 14 16
521 8
0 2 4 6 8 10 12 14
9506 9
0 2 4 6 8 10 12 14 16
3852 8
0 2 4 6 8 10 12 14
3394 7
0 2 4 6 8 10 12
8717 10
0 2 4 6 8 10 12 14 16 18
6913 9
0 2 4 6 8 10 12 14 16
555 9
0 2 4 6 8 10 12 14 16
1516 10
0 2 4 6 8 10 12 14 16 18
5608 10
0 2 4 6 8 10 12 14 16 18
9951 10
0 2 4 6 8 10 12 14 16 18
2608 10
0 2 4 6 8 10 12 14 16 18
9574 10
0 2 4 6 8 10 12 14 16 18
9582 10
0 2 4 6 8 10 12 14 16 18
906 6
0 2 4 6 8 10
3719 8
0 2 4 6 8 10 12 14
3580 9
0 2 4 6 8 10 12 14 16
1812 10
0 2 4 6 8 10 12 14 16 18
6900 8
0 2 4 6 8 10 12 14
2973 9
0 2 4 6 8 10 12 14 16
7956 8
0 2 4 6 8 10 12 14
4278 8
0 2 4 6 8 10 12 14
7922 10
0 2 4 6 8 10 12 14 16 18
445 9
0 2 4 6 8 10 12 14 16
5730 8
0 2 4 6 8 10 12 14
2021 10
0 2 4 6 8 10 12 14 16 18
7344 9
0 2 4 6 8 10 12 14 16
6763 9
0 2 4 6 8 10 12 14 16
5804 9
0 2 4 6 8 10 12 14 16
5565 10
0 2 4 6 8 10 12 14 16 18
5291 8
0 2 4 6 8 10 12 14
3470 8
0 2 4 6 8 10 12 14
891 10
0 2 4 6 8 10 12 14 16 18
2075 10
0 2 4 6 8 10 12 14 16 18
6915 6
0 2 4 6 8 10
7120 7
0 2 4 6 8 10 12
7010 7
0 2 4 6 8 10 12
486 10
0 2 4 6 8 10 12 14 16 18
1826 9
0 2 4 6 8 10 12 14 16
4374 10
0 2 4 6 8 10 12 14 16 18
9934 7
0 2 4 6 8 10 12
8177 10
0 2 4 6 8 10 12 14 16 18
6218 8
0 2 4 6 8 10 12 14
3883 8
0 2 4 6 8 10 12 14
6717 10
0 2 4 6 8 10 12 14 16 18
4439 9
0 2 4 6 8 10 12 14 16
8648 9
0 2 4 6 8 10 12 14 16
1830 8
0 2 4 6 8 10 12 14
3092 10
0 2 4 6 8 10 12 14 16 18
9667 8
0 2 4 6 8 10 12 14
4463 9
0 2 4 6 8 10 12 14 16
2426 8
0 2 4 6 8 10 12 14
3707 9
0 2 4 6 8 10 12 14 16
2354 9
0 2 4 6 8 10 12 14 16
6423 10
0 2 4 6 8 10 12 14 16 18
9821 10
0 2 4 6 8 10 12 14 16 18
4630 10
0 2 4 6 8 10 12 14 16 18
2760 7
0 2 4 6 8 10 12
456 9
0 2 4 6 8 10 12 14 16
9070 10
0 2 4 6 8 10 12 14 16 18
5113 9
0 2 4 6 8 10 12 14 16
6940 9
0 2 4 6 8 10 12 14 16
4830 9
0 2 4 6 8 10 12 14 16
9051 9
0 2 4 6 8 10 12 14 16
5561 9
0 2 4 6 8 10 12 14 16
9760 10
0 2 4 6 8 10 12 14 16 18
6484 10
0 2 4 6 8 10 12 14 16 18
4286 10
0 2 4 6 8 10 12 14 16 18
6760 9
0 2 4 6 8 10 12 14 16
1803 10
0 2 4 6 8 10 12 14 16 18
6063 10
0 2 4 6 8 10 12 14 16 18
6084 10
0 2 4 6 8 10 12 14 16 18
1731 10
0 2 4 6 8 10 12 14 16 18
6285 8
0 2 4 6 8 10 12 14
7914 7
0 2 4 6 8 10 12
4646 10
0 2 4 6 8 10 12 14 16 18
2161 7
0 2 4 6 8 10 12
4397 9
0 2 4 6 8 10 12 14 16
6953 8
0 2 4 6 8 10 12 14
3876 9
0 2 4 6 8 10 12 14 16
8818 7
0 2 4 6 8 10 12
1048 9
0 2 4 6 8 10 12 14 16
5957 10
0 2 4 6 8 10 12 14 16 18
2366 8
0 2 4 6 8 10 12 14
3080 8
0 2 4 6 8 10 12 14
2887 10
0 2 4 6 8 10 12 14 16 18
9002 10
0 2 4 6 8 10 12 14 16 18
6980 10
0 2 4 6 8 10 12 14 16 18
7338 10
0 2 4 6 8 10 12 14 16 18
379 9
0 2 4 6 8 10 12 14 16
3211 10
0 2 4 6 8 10 12 14 16 18
6957 8
0 2 4 6 8 10 12 14
4893 6
0 2 4 6 8 10
7312 10
0 2 4 6 8 10 12 14 16 18
4297 10
0 2 4 6 8 10 12 14 16 18
7645 8
0 2 4 6 8 10 12 14
147 10
0 2 4 6 8 10 12 14 16 18
3130 9
0 2 4 6 8 10 12 14 16
1448 7
0 2 4 6 8 10 12
6679 9
0 2 4 6 8 10 12 14 16
2657 10
0 2 4 6 8 10 12 14 16 18
5878 10
0 2 4 6 8 10 12 14 16 18
6209 9
0 2 4 6 8 10 12 14 16
1601 8
0 2 4 6 8 10 12 14
1640 9
0 2 4 6 8 10 12 14 16
9255 7
0 2 4 6 8 10 12
2942 8
0 2 4 6 8 10 12 14
7442 7
0 2 4 6 8 10 12
5227 7
0 2 4 6 8 10 12
8033 9
0 2 4 6 8 10 12 14 16
7044 10
0 2 4 6 8 10 12 14 16 18
2611 10
0 2 4 6 8 10 12 14 16 18
5931 8
0 2 4 6 8 10 12 14
6669 10
0 2 4 6 8 10 12 14 16 18
517 10
0 2 4 6 8 10 12 14 16 18
1023 8
0 2 4 6 8 10 12 14
2415 8
0 2 4 6 8 10 12 14
2722 8
0 2 4 6 8 10 12 14
7217 8
0 2 4 6 8 10 12 14
8679 9
0 2 4 6 8 10 12 14 16
4367 8
0 2 4 6 8 10 12 14
1002 9
0 2 4 6 8 10 12 14 16
4387 10
0 2 4 6 8 10 12 14 16 18
2147 8
0 2 4 6 8 10 12 14
3953 9
0 2 4 6 8 10 12 14 16
9092 7
0 2 4 6 8 10 12
3955 8
0 2 4 6 8 10 12 14
5134 8
0 2 4 6 8 10 12 14
4072 7
0 2 4 6 8 10 12
5123 9
0 2 4 6 8 10 12 14 16
3545 10
0 2 4 6 8 10 12 14 16 18
6783 7
0 2 4 6 8 10 12
5064 9
0 2 4 6 8 10 12 14 16
5580 10
0 2 4 6 8 10 12 14 16 18
7533 10
0 2 4 6 8 10 12 14 16 18
3254 9
0 2 4 6 8 10 12 14 16
9007 10
0 2 4 6 8 10 12 14 16 18
6931 9
0 2 4 6 8 10 12 14 16
973 8
0 2 4 6 8 10 12 14
9080 8
0 2 4 6 8 10 12 14
9095 7
0 2 4 6 8 10 12
6367 10
0 2 4 6 8 10 12 14 16 18
3423 8
0 2 4 6 8 10 12 14
1390 9
0 2 4 6 8 10 12 14 16
5254 9
0 2 4 6 8 10 12 14 16
4486 10
0 2 4 6 8 10 12 14 16 18
5423 10
0 2 4 6 8 10 12 14 16 18
2214 9
0 2 4 6 8 10 12 14 16
752 9
0 2 4 6 8 10 12 14 16
4250 10
0 2 4 6 8 10 12 14 16 18
3978 10
0 2 4 6 8 10 12 14 16 18
7179 9
0 2 4 6 8 10 12 14 16
4037 8
0 2 4 6 8 10 12 14
8493 10
0 2 4 6 8 10 12 14 16 18
4847 7
0 2 4 6 8 10 12
9013 10
0 2 4 6 8 10 12 14 16 18
4170 9
0 2 4 6 8 10 12 14 16
2701 10
0 2 4 6 8 10 12 14 16 18
5233 9
0 2 4 6 8 10 12 14 16
2440 6
0 2 4 6 8 10
3267 9
0 2 4 6 8 10 12 14 16
248 9
0 2 4 6 8 10 12 14 16
682 8
0 2 4 6 8 10 12 14
1229 7
0 2 4 6 8 10 12
8617 7
0 2 4 6 8 10 12
16 9
0 2 4 6 8 10 12 14 16
1824 9
0 2 4 6 8 10 12 14 16
3761 10
0 2 4 6 8 10 12 14 16 18
7039 10
0 2 4 6 8 10 12 14 16 18
5583 9
0 2 4 6 8 10 12 14 16
2960 8
0 2 4 6 8 10 12 14
2746 9
0 2 4 6 8 10 12 14 16
8654 9
0 2 4 6 8 10 12 14 16
350 6
0 2 4 6 8 10
7096 7
0 2 4 6 8 10 12
7493 9
0 2 4 6 8 10 12 14 16
6470 9
0 2 4 6 8 10 12 14 16
3755 10
0 2 4 6 8 10 12 14 16 18
4149 9
0 2 4 6 8 10 12 14 16
7534 9
0 2 4 6 8 10 12 14 16
3740 10
0 2 4 6 8 10 12 14 16 18
7967 9
0 2 4 6 8 10 12 14 16
9496 8
0 2 4 6 8 10 12 14
9873 10
0 2 4 6 8 10 12 14 16 18
3520 9
0 2 4 6 8 10 12 14 16
8392 8
0 2 4 6 8 10 12 14
4933 10
0 2 4 6 8 10 12 14 16 18
2138 7
0 2 4 6 8 10 12
3289 8
0 2 4 6 8 10 12 14
1923 7
0 2 4 6 8 10 12
1596 8
0 2 4 6 8 10 12 14
8388 8
0 2 4 6 8 10 12 14
5818 10
0 2 4 6 8 10 12 14 16 18
7280 8
0 2 4 6 8 10 12 14
2257 6
0 2 4 6 8 10
7496 8
0 2 4 6 8 10 12 14
3212 9
0 2 4 6 8 10 12 14 16
53 6
0 2 4 6 8 10
9432 10
0 2 4 6 8 10 12 14 16 18
363 10
0 2 4 6 8 10 12 14 16 18
2632 9
0 2 4 6 8 10 12 14 16
4320 10
0 2 4 6 8 10 12 14 16 18
8758 9
0 2 4 6 8 10 12 14 16
4742 9
0 2 4 6 8 10 12 14 16
1525 10
0 2 4 6 8 10 12 14 16 18
909 10
0 2 4 6 8 10 12 14 16 18
7291 9
0 2 4 6 8 10 12 14 16
4970 9
0 2 4 6 8 10 12 14 16
5697 10
0 2 4 6 8 10 12 14 16 18
3415 8
0 2 4 6 8 10 12 14
3246 9
0 2 4 6 8 10 12 14 16
3941 9
0 2 4 6 8 10 12 14 16
245 9
0 2 4 6 8 10 12 14 16
7801 7
0 2 4 6 8 10 12
7770 9
0 2 4 6 8 10 12 14 16
1486 10
0 2 4 6 8 10 12 14 16 18
2052 10
0 2 4 6 8 10 12 14 16 18
4563 8
0 2 4 6 8 10 12 14
3771 8
0 2 4 6 8 10 12 14
7804 7
0 2 4 6 8 10 12
6193 10
0 2 4 6 8 10 12 14 16 18
462 8
0 2 4 6 8 10 12 14
1588 10
0 2 4 6 8 10 12 14 16 18
9227 7
0 2 4 6 8 10 12
7630 8
0 2 4 6 8 10 12 14
18 7
0 2 4 6 8 10 12
1617 8
0 2 4 6 8 10 12 14
4803 8
0 2 4 6 8 10 12 14
4215 9
0 2 4 6 8 10 12 14 16
5169 10
0 2 4 6 8 10 12 14 16 18
6772 7
0 2 4 6 8 10 12
6997 8
0 2 4 6 8 10 12 14
1967 8
0 2 4 6 8 10 12 14
7045 7
0 2 4 6 8 10 12
6708 9
0 2 4 6 8 10 12 14 16
3871 8
0 2 4 6 8 10 12 14
1268 10
0 2 4 6 8 10 12 14 16 18
9676 7
0 2 4 6 8 10 12
3320 10
0 2 4 6 8 10 12 14 16 18
542 8
0 2 4 6 8 10 12 14
1565 9
0 2 4 6 8 10 12 14 16
7975 10
0 2 4 6 8 10 12 14 16 18
1900 9
0 2 4 6 8 10 12 14 16
3938 6
0 2 4 6 8 10
1844 9
0 2 4 6 8 10 12 14 16
8157 10
0 2 4 6 8 10 12 14 16 18
4986 8
0 2 4 6 8 10 12 14
1815 10
0 2 4 6 8 10 12 14 16 18
6340 7
0 2 4 6 8 10 12
9469 9
0 2 4 6 8 10 12 14 16
9948 7
0 2 4 6 8 10 12
9423 7
0 2 4 6 8 10 12
4749 9
0 2 4 6 8 10 12 14 16
4963 9
0 2 4 6 8 10 12 14 16
4058 7
0 2 4 6 8 10 12
54 8
0 2 4 6 8 10 12 14
3243 8
0 2 4 6 8 10 12 14
2131 10
0 2 4 6 8 10 12 14 16 18
6916 6
0 2 4 6 8 10
3347 8
0 2 4 6 8 10 12 14
7302 7
0 2 4 6 8 10 12
613 9
0 2 4 6 8 10 12 14 16
2006 7
0 2 4 6 8 10 12
4437 10
0 2 4 6 8 10 12 14 16 18
643 9
0 2 4 6 8 10 12 14 16
1705 9
0 2 4 6 8 10 12 14 16
8705 9
0 2 4 6 8 10 12 14 16
3967 8
0 2 4 6 8 10 12 14
5888 7
0 2 4 6 8 10 12
8795 9
0 2 4 6 8 10 12 14 16
3290 9
0 2 4 6 8 10 12 14 16
7296 7
0 2 4 6 8 10 12
8792 6
0 2 4 6 8 10
1504 10
0 2 4 6 8 10 12 14 16 18
6665 8
0 2 4 6 8 10 12 14
9517 8
0 2 4 6 8 10 12 14
2984 9
0 2 4 6 8 10 12 14 16
5889 8
0 2 4 6 8 10 12 14
2023 10
0 2 4 6 8 10 12 14 16 18
2268 9
0 2 4 6 8 10 12 14 16
4089 9
0 2 4 6 8 10 12 14 16
3954 10
0 2 4 6 8 10 12 14 16 18
7571 9
0 2 4 6 8 10 12 14 16
5484 8
0 2 4 6 8 10 12 14
6517 7
0 2 4 6 8 10 12
4213 8
0 2 4 6 8 10 12 14
1752 10
0 2 4 6 8 10 12 14 16 18
4490 9
0 2 4 6 8 10 12 14 16
3245 7
0 2 4 6 8 10 12
7601 7
0 2 4 6 8 10 12
6702 10
0 2 4 6 8 10 12 14 16 18
7734 10
0 2 4 6 8 10 12 14 16 18
5200 8
0 2 4 6 8 10 12 14
1537 10
0 2 4 6 8 10 12 14 16 18
8516 10
0 2 4 6 8 10 12 14 16 18
9739 9
0 2 4 6 8 10 12 14 16
4019 10
0 2 4 6 8 10 12 14 16 18
6377 8
0 2 4 6 8 10 12 14
3568 8
0 2 4 6 8 10 12 14
383 8
0 2 4 6 8 10 12 14
972 10
0 2 4 6 8 10 12 14 16 18
959 9
0 2 4 6 8 10 12 14 16
3250 10
0 2 4 6 8 10 12 14 16 18
3074 10
0 2 4 6 8 10 12 14 16 18
9534 9
0 2 4 6 8 10 12 14 16
9124 10
0 2 4 6 8 10 12 14 16 18
8683 8
0 2 4 6 8 10 12 14
2992 10
0 2 4 6 8 10 12 14 16 18
1910 8
0 2 4 6 8 10 12 14
4431 10
0 2 4 6 8 10 12 14 16 18
4506 7
0 2 4 6 8 10 12
6327 10
0 2 4 6 8 10 12 14 16 18
1556 10
0 2 4 6 8 10 12 14 16 18
111 7
0 2 4 6 8 10 12
7400 8
0 2 4 6 8 10 12 14
255 10
0 2 4 6 8 10 12 14 16 18
3993 8
0 2 4 6 8 10 12 14
2842 9
0 2 4 6 8 10 12 14 16
8222 7
0 2 4 6 8 10 12
319 8
0 2 4 6 8 10 12 14
3722 7
0 2 4 6 8 10 12
6202 7
0 2 4 6 8 10 12
814 10
0 2 4 6 8 10 12 14 16 18
7920 10
0 2 4 6 8 10 12 14 16 18
5285 8
0 2 4 6 8 10 12 14
2941 9
0 2 4 6 8 10 12 14 16
5990 8
0 2 4 6 8 10 12 14
5942 8
0 2 4 6 8 10 12 14
5292 8
0 2 4 6 8 10 12 14
9367 8
0 2 4 6 8 10 12 14
9800 10
0 2 4 6 8 10 12 14 16 18
2346 6
0 2 4 6 8 10
7506 7
0 2 4 6 8 10 12
8285 7
0 2 4 6 8 10 12
6966 7
0 2 4 6 8 10 12
5569 7
0 2 4 6 8 10 12
3981 7
0 2 4 6 8 10 12
1927 8
0 2 4 6 8 10 12 14
8374 9
0 2 4 6 8 10 12 14 16
4709 8
0 2 4 6 8 10 12 14
6500 10
0 2 4 6 8 10 12 14 16 18
7175 6
0 2 4 6 8 10
9064 8
0 2 4 6 8 10 12 14
8976 10
0 2 4 6 8 10 12 14 16 18
2305 10
0 2 4 6 8 10 12 14 16 18
2824 7
0 2 4 6 8 10 12
3491 10
0 2 4 6 8 10 12 14 16 18
2923 8
0 2 4 6 8 10 12 14
8356 8
0 2 4 6 8 10 12 14
694 6
0 2 4 6 8 10
1876 8
0 2 4 6 8 10 12 14
6893 8
0 2 4 6 8 10 12 14
806 7
0 2 4 6 8 10 12
1760 5
0 2 4 6 8
4177 8
0 2 4 6 8 10 12 14
4402 6
0 2 4 6 8 10
4618 9
0 2 4 6 8 10 12 14 16
8490 7
0 2 4 6 8 10 12
9100 8
0 2 4 6 8 10 12 14
787 8
0 2 4 6 8 10 12 14
1481 9
0 2 4 6 8 10 12 14 16
8989 10
0 2 4 6 8 10 12 14 16 18
9507 8
0 2 4 6 8 10 12 14
8056 7
0 2 4 6 8 10 12
2904 5
0 2 4 6 8
9265 5
0 2 4 6 8
4351 9
0 2 4 6 8 10 12 14 16
4255 10
0 2 4 6 8 10 12 14 16 18
3792 7
0 2 4 6 8 10 12
283 8
0 2 4 6 8 10 12 14
6745 8
0 2 4 6 8 10 12 14
1189 9
0 2 4 6 8 10 12 14 16
8254 8
0 2 4 6 8 10 12 14
510 10
0 2 4 6 8 10 12 14 16 18
9406 9
0 2 4 6 8 10 12 14 16
896 9
0 2 4 6 8 10 12 14 16
5439 10
0 2 4 6 8 10 12 14 16 18
5860 9
0 2 4 6 8 10 12 14 16
4319 6
0 2 4 6 8 10
9629 9
0 2 4 6 8 10 12 14 16
5177 9
0 2 4 6 8 10 12 14 16
1120 9
0 2 4 6 8 10 12 14 16
2165 10
0 2 4 6 8 10 12 14 16 18
1732 9
0 2 4 6 8 10 12 14 16
4038 7
0 2 4 6 8 10 12
7225 9
0 2 4 6 8 10 12 14 16
5100 8
0 2 4 6 8 10 12 14
83 8
0 2 4 6 8 10 12 14
5167 7
0 2 4 6 8 10 12
3817 10
0 2 4 6 8 10 12 14 16 18
7822 7
0 2 4 6 8 10 12
399 6
0 2 4 6 8 10
9108 7
0 2 4 6 8 10 12
8330 9
0 2 4 6 8 10 12 14 16
8492 10
0 2 4 6 8 10 12 14 16 18
5 8
0 2 4 6 8 10 12 14
2173 9
0 2 4 6 8 10 12 14 16
8279 6
0 2 4 6 8 10
2510 7
0 2 4 6 8 10 12
1723 8
0 2 4 6 8 10 12 14
3205 10
0 2 4 6 8 10 12 14 16 18
9277 10
0 2 4 6 8 10 12 14 16 18
8488 9
0 2 4 6 8 10 12 14 16
7736 8
0 2 4 6 8 10 12 14
7739 8
0 2 4 6 8 10 12 14
3919 6
0 2 4 6 8 10
3891 8
0 2 4 6 8 10 12 14
3547 10
0 2 4 6 8 10 12 14 16 18
9550 10
0 2 4 6 8 10 12 14 16 18
8896 10
0 2 4 6 8 10 12 14 16 18
6995 10
0 2 4 6 8 10 12 14 16 18
7536 9
0 2 4 6 8 10 12 14 16
9926 10
0 2 4 6 8 10 12 14 16 18
6313 6
0 2 4 6 8 10
5664 10
0 2 4 6 8 10 12 14 16 18
2953 9
0 2 4 6 8 10 12 14 16
8583 7
0 2 4 6 8 10 12
8862 10
0 2 4 6 8 10 12 14 16 18
6239 9
0 2 4 6 8 10 12 14 16
2429 10
0 2 4 6 8 10 12 14 16 18
8262 9
0 2 4 6 8 10 12 14 16
7625 8
0 2 4 6 8 10 12 14
4147 9
0 2 4 6 8 10 12 14 16
9913 8
0 2 4 6 8 10 12 14
6237 8
0 2 4 6 8 10 12 14
1485 10
0 2 4 6 8 10 12 14 16 18
5193 8
0 2 4 6 8 10 12 14
1164 7
0 2 4 6 8 10 12
1778 7
0 2 4 6 8 10 12
4073 9
0 2 4 6 8 10 12 14 16
1036 8
0 2 4 6 8 10 12 14
3026 10
0 2 4 6 8 10 12 14 16 18
6603 8
0 2 4 6 8 10 12 14
5050 9
0 2 4 6 8 10 12 14 16
1274 10
0 2 4 6 8 10 12 14 16 18
2312 8
0 2 4 6 8 10 12 14
6899 7
0 2 4 6 8 10 12
4863 10
0 2 4 6 8 10 12 14 16 18
8618 6
0 2 4 6 8 10
1807 10
0 2 4 6 8 10 12 14 16 18
5989 10
0 2 4 6 8 10 12 14 16 18
3124 7
0 2 4 6 8 10 12
9761 6
0 2 4 6 8 10
3729 6
0 2 4 6 8 10
4316 10
0 2 4 6 8 10 12 14 16 18
1342 6
0 2 4 6 8 10
2100 10
0 2 4 6 8 10 12 14 16 18
7674 8
0 2 4 6 8 10 12 14
5760 8
0 2 4 6 8 10 12 14
2504 8
0 2 4 6 8 10 12 14
4750 10
0 2 4 6 8 10 12 14 16 18
7908 10
0 2 4 6 8 10 12 14 16 18
1702 10
0 2 4 6 8 10 12 14 16 18
6826 7
0 2 4 6 8 10 12
960 9
0 2 4 6 8 10 12 14 16
8759 10
0 2 4 6 8 10 12 14 16 18
4959 10
0 2 4 6 8 10 12 14 16 18
7223 10
0 2 4 6 8 10 12 14 16 18
5097 8
0 2 4 6 8 10 12 14
5513 9
0 2 4 6 8 10 12 14 16
2607 9
0 2 4 6 8 10 12 14 16
8397 10
0 2 4 6 8 10 12 14 16 18
7177 6
0 2 4 6 8 10
5525 9
0 2 4 6 8 10 12 14 16
5830 10
0 2 4 6 8 10 12 14 16 18
4633 10
0 2 4 6 8 10 12 14 16 18
6054 5
0 2 4 6 8
6836 10
0 2 4 6 8 10 12 14 16 18
1906 9
0 2 4 6 8 10 12 14 16
314 8
0 2 4 6 8 10 12 14
6427 10
0 2 4 6 8 10 12 14 16 18
3376 10
0 2 4 6 8 10 12 14 16 18
9302 9
0 2 4 6 8 10 12 14 16
9971 8
0 2 4 6 8 10 12 14
5013 8
0 2 4 6 8 10 12 14
2373 10
0 2 4 6 8 10 12 14 16 18
5094 9
0 2 4 6 8 10 12 14 16
908 9
0 2 4 6 8 10 12 14 16
1224 6
0 2 4 6 8 10
371 9
0 2 4 6 8 10 12 14 16
9421 10
0 2 4 6 8 10 12 14 16 18
4704 6
0 2 4 6 8 10
3550 7
0 2 4 6 8 10 12
5655 9
0 2 4 6 8 10 12 14 16
3342 6
0 2 4 6 8 10
693 8
0 2 4 6 8 10 12 14
9203 6
0 2 4 6 8 10
2655 10
0 2 4 6 8 10 12 14 16 18
4677 8
0 2 4 6 8 10 12 14
7454 10
0 2 4 6 8 10 12 14 16 18
8178 5
0 2 4 6 8
4669 9
0 2 4 6 8 10 12 14 16
8749 7
0 2 4 6 8 10 12
7007 9
0 2 4 6 8 10 12 14 16
2714 8
0 2 4 6 8 10 12 14
7602 10
0 2 4 6 8 10 12 14 16 18
4817 7
0 2 4 6 8 10 12
3940 9
0 2 4 6 8 10 12 14 16
1427 6
0 2 4 6 8 10
650 7
0 2 4 6 8 10 12
8109 7
0 2 4 6 8 10 12
2260 9
0 2 4 6 8 10 12 14 16
918 7
0 2 4 6 8 10 12
2469 5
0 2 4 6 8
6076 8
0 2 4 6 8 10 12 14
5723 9
0 2 4 6 8 10 12 14 16
6751 7
0 2 4 6 8 10 12
2837 7
0 2 4 6 8 10 12
1110 7
0 2 4 6 8 10 12
8149 5
0 2 4 6 8
141 5
0 2 4 6 8
2380 6
0 2 4 6 8 10
9566 0

